Multiple size <= 100
TEST 1 ARG:67 77 12 58 84 52 92 63 10 27 89 73 39 21 80 29 31 61 91 88 37 43 50 97 85 16 79 93 66 42 0 9 35 69 98 30 15 32 46 75 56 2 44 83 70 55 28 78 72 47 25 49 60 7 82 8 6 14 54 64 38 87 86 74 22 48 3 36 59 62 68 96 24 23 13 34 18 94 41 95 4 19 17 81 90 1 99 76 53 20 40 11 5 51 65 45 33 71 26 57
TEST 2 ARG:72 4 89 37 84 11 27 65 22 77 92 44 60 85 62 34 12 63 54 73 28 40 43 49 99 21 90 8 48 41 50 58 88 18 98 14 35 17 53 36 79 95 29 24 19 31 16 32 1 13 26 6 87 46 56 10 86 83 67 42 23 38 80 9 55 20 93 61 15 74 59 71 91 5 2 57 64 66 33 0 94 45 3 7 30 78 39 82 68 96 25 76 51 97 52 75 81 70 47 69
TEST 3 ARG:69 48 53 50 68 30 36 5 65 59 49 41 73 0 86 55 66 45 54 52 43 20 10 8 74 62 46 82 35 60 80 76 81 21 23 61 3 94 22 28 1 24 99 14 71 32 95 51 17 37 47 91 93 98 96 79 11 15 26 57 38 39 4 12 72 89 9 58 19 84 16 88 87 44 2 6 13 42 18 34 77 31 7 56 27 92 40 67 83 63 70 90 75 85 33 97 64 78 25 29
TEST 4 ARG:22 4 35 29 99 34 23 42 32 40 91 55 57 93 26 28 24 36 51 84 47 64 86 31 19 59 60 88 83 97 77 39 80 20 9 73 18 98 95 72 54 1 52 21 78 65 96 70 58 90 11 3 74 61 12 82 37 5 56 25 63 0 46 44 71 48 6 79 41 75 10 69 87 8 53 2 49 7 45 33 15 16 68 76 94 89 14 27 81 43 13 67 38 66 30 62 85 17 92 50
TEST 5 ARG:2 86 18 13 55 50 24 53 44 76 36 54 84 43 34 75 45 5 69 32 99 21 74 67 20 96 15 35 82 78 93 17 46 73 0 16 95 29 97 63 87 64 47 94 57 38 25 6 23 91 33 30 8 58 85 70 61 12 9 28 89 88 90 27 59 4 10 56 81 71 40 83 22 39 3 42 1 31 49 37 65 11 51 48 98 26 79 7 80 41 68 66 52 92 62 77 19 72 60 14
TEST 6 ARG:9 6 75 13 90 23 20 50 79 61 21 12 37 35 71 45 77 98 25 92 19 76 1 8 22 34 94 68 46 64 4 74 88 32 87 24 16 38 44 97 54 26 7 69 82 84 27 67 30 10 36 3 81 41 49 29 73 39 17 33 96 57 65 11 47 86 72 55 40 99 70 83 15 62 5 43 60 14 89 18 63 31 51 56 66 2 78 42 93 28 53 91 85 58 48 52 59 80 0 95
TEST 7 ARG:75 20 11 40 38 62 79 42 68 65 71 26 19 95 5 61 87 56 91 48 70 3 13 59 83 34 44 6 54 39 80 8 23 50 74 10 85 57 25 77 24 47 21 66 45 88 36 53 2 81 29 93 49 55 92 96 78 73 46 76 37 99 7 12 52 84 97 27 90 69 43 89 94 1 0 16 15 30 41 35 22 64 67 82 14 51 4 31 60 18 17 98 86 32 58 72 63 9 28 33
TEST 8 ARG:32 7 70 75 49 90 41 20 44 29 33 46 59 78 94 4 0 98 10 39 83 37 71 5 38 14 65 1 36 74 63 64 73 25 18 43 15 24 81 51 28 47 62 72 8 93 17 52 22 84 61 21 58 91 40 57 56 77 13 42 96 2 86 54 55 67 95 26 31 50 35 92 68 79 3 12 69 85 30 9 60 80 87 27 6 97 82 11 16 34 45 66 88 99 19 53 76 48 23 89
TEST 9 ARG:72 4 67 71 16 57 46 11 60 52 24 8 98 95 15 86 97 93 84 12 90 19 48 0 96 23 58 88 79 76 34 59 54 63 43 73 26 49 94 3 35 55 53 45 82 47 25 31 69 74 56 6 21 42 5 75 1 41 39 2 89 37 10 17 85 68 87 38 62 36 7 91 51 33 83 40 29 18 78 61 13 50 28 64 99 9 92 20 32 81 77 80 14 66 44 27 30 65 22 70
TEST 10 ARG:37 25 19 80 36 30 56 66 59 26 88 84 27 10 77 78 23 22 79 8 86 91 21 62 51 47 11 87 24 58 61 54 89 29 93 73 71 92 95 76 75 50 18 97 45 4 3 38 9 52 35 68 33 81 39 16 2 7 43 49 90 0 5 20 12 40 65 96 13 94 98 32 46 74 44 60 6 64 69 57 42 1 31 82 70 41 14 83 17 55 63 72 53 48 28 85 67 34 15 99
TEST 11 ARG:25 41 94 74 99 42 12 1 38 35 92 5 43 23 24 48 79 60 3 83 34 70 10 8 93 72 18 80 90 91 2 63 50 64 62 55 84 98 37 16 27 4 75 36 76 69 82 53 61 29 15 95 86 78 65 9 85 66 0 68 44 32 73 22 67 11 26 54 77 21 40 45 96 19 56 57 6 14 28 39 49 89 71 30 13 58 31 81 88 51 33 7 87 97 20 52 47 17 46 59
TEST 12 ARG:67 0 9 21 34 1 45 60 81 43 3 79 62 23 68 98 65 73 99 15 90 83 54 10 41 76 4 2 63 13 19 28 51 92 25 82 42 77 18 12 75 61 44 84 74 70 26 24 46 56 30 50 39 95 48 17 22 29 32 69 37 87 16 66 88 59 80 96 72 49 33 86 78 58 8 20 93 5 7 38 55 94 85 53 52 91 31 57 71 36 6 64 14 11 27 97 47 35 40 89
TEST 13 ARG:63 91 9 10 56 40 22 29 77 66 88 41 0 5 62 55 37 2 47 20 24 64 53 33 52 82 50 87 13 96 80 17 54 68 39 99 79 38 25 85 16 97 90 36 67 27 69 14 30 15 74 58 65 18 49 1 94 19 95 78 3 45 48 11 60 57 26 44 46 86 89 43 51 12 98 28 83 32 71 84 34 7 92 4 23 72 70 75 31 93 6 59 76 81 35 42 73 61 8 21
TEST 14 ARG:74 45 44 49 30 27 56 85 73 2 98 14 88 18 87 17 92 41 11 55 75 26 8 72 16 21 20 10 23 38 81 31 96 61 6 82 25 34 91 67 46 33 71 24 42 53 15 66 77 28 95 57 40 99 86 69 47 54 4 93 3 32 79 9 83 22 94 37 35 12 84 13 19 1 76 58 51 60 70 90 59 50 0 29 97 7 52 65 68 78 62 89 43 48 39 80 5 36 64 63
TEST 15 ARG:98 2 70 58 52 27 5 21 7 81 77 33 43 31 60 97 8 83 14 69 23 67 3 50 74 16 10 84 39 34 36 29 86 28 25 18 54 96 93 55 64 88 22 80 15 46 40 95 66 12 0 62 13 61 49 11 6 85 26 19 78 68 32 90 48 59 63 37 92 47 51 1 91 57 20 72 45 38 9 41 53 71 79 42 17 76 65 94 44 82 4 99 75 56 35 73 87 30 24 89
TEST 16 ARG:11 52 55 25 84 51 16 17 66 78 98 75 97 37 63 76 62 48 20 64 67 42 70 7 6 43 89 36 94 19 34 58 88 38 50 2 13 35 99 82 56 46 72 87 31 47 49 92 15 54 44 45 40 39 77 74 71 65 4 81 53 8 29 95 60 1 3 93 24 73 57 28 91 69 22 9 32 90 61 12 23 10 59 0 14 27 68 41 79 83 86 5 96 21 18 80 33 85 30 26
TEST 17 ARG:81 13 67 8 22 66 23 35 39 98 1 15 24 34 18 4 2 72 73 70 3 85 71 52 26 87 95 94 50 36 9 91 28 49 37 75 93 90 41 68 42 57 38 63 10 29 89 12 77 25 76 97 56 51 78 7 60 33 47 74 82 19 16 55 5 65 62 59 64 21 11 88 53 17 31 43 40 20 48 61 30 54 79 83 0 84 44 45 27 6 99 58 14 92 32 80 46 69 96 86
TEST 18 ARG:70 60 37 61 53 8 69 92 15 77 24 78 66 55 83 10 30 67 84 40 98 21 96 62 54 11 27 26 63 99 50 72 20 47 42 59 97 76 12 48 23 29 35 86 4 44 68 43 25 31 73 0 64 56 9 71 87 13 28 46 85 95 94 58 22 38 18 75 14 32 80 90 2 91 33 93 45 82 16 7 34 36 39 5 49 17 89 65 81 57 3 52 79 74 88 41 19 51 6 1
TEST 19 ARG:37 18 66 88 64 76 9 30 7 75 87 0 67 38 55 90 14 53 39 78 25 20 27 12 33 96 83 10 42 49 57 1 3 28 29 36 8 47 62 24 34 45 92 98 6 17 95 35 80 32 69 5 89 73 13 99 40 81 70 11 82 79 97 74 15 31 4 52 85 61 19 22 16 84 65 56 60 54 71 86 2 44 63 68 91 41 43 77 46 59 94 58 93 23 21 26 50 51 48 72
TEST 20 ARG:64 59 65 54 6 16 98 77 93 90 60 78 94 85 1 5 17 36 24 41 19 29 58 51 43 33 81 49 71 20 9 92 25 30 96 70 80 86 99 53 46 39 69 4 15 23 48 27 67 12 74 52 22 72 95 28 76 83 62 84 91 82 63 47 75 42 89 0 50 44 14 66 87 2 68 73 56 34 37 10 13 38 57 26 55 88 21 3 79 40 61 97 18 8 35 31 32 11 7 45
TEST 21 ARG:37 93 40 75 70 45 0 49 73 38 83 84 12 15 94 10 43 92 77 47 25 87 86 35 64 48 23 7 67 85 90 8 2 79 42 89 36 9 16 53 44 81 88 3 17 32 21 51 57 97 62 61 28 20 99 54 52 95 91 82 1 41 72 33 78 76 30 11 26 56 31 74 34 80 4 59 13 29 58 14 19 22 5 6 50 98 71 24 55 69 18 96 39 46 60 27 63 66 65 68
TEST 22 ARG:82 40 61 12 9 24 57 87 28 68 7 84 97 74 93 2 99 32 1 26 13 98 49 79 31 37 85 63 20 88 73 35 22 71 59 23 47 8 5 42 46 52 94 56 44 0 95 83 60 69 14 25 91 78 76 86 66 96 53 29 19 58 45 17 54 43 92 36 64 15 48 11 72 34 27 30 3 62 39 67 41 4 89 6 18 16 50 51 65 77 70 81 55 75 38 21 90 10 80 33
